# Group-0 course header map — all 63 courses
# fields are payload-relative; sections:
#   A@+28 stride20*nA  B@.. stride12*nB  C@.. stride12*nC  D@.. stride8*nD
#   tail = c5*88+52 bytes (52B block + c5 x 88B entries)
# crs	payload_off	magic	nA	nB	nC	nD	c5	h0C	h0E	h10	h12	h14	h16	mapW	mapH	parsed	tail
0	0xce440	0x1100	12	4	18	18	8	0	0	8192	32	256	256	256	256	676	756
1	0xce9e8	0x1100	12	12	14	13	84	0	0	8192	32	256	256	256	256	684	7444
2	0xd09b8	0x1100	12	12	10	9	72	0	256	8192	32	256	256	256	256	604	6388
3	0xd2518	0x1100	12	10	18	17	80	0	256	8192	32	256	256	256	256	740	7092
4	0xd43c0	0x1100	12	0	3	3	13	0	256	8192	32	256	256	256	256	328	1196
5	0xd49c4	0x1100	12	7	4	4	13	0	256	8192	32	256	256	256	256	432	1196
6	0xd5030	0x1100	12	7	5	5	14	0	0	8192	32	256	256	256	256	452	1284
7	0xd5708	0x1100	12	7	5	5	12	0	256	8192	32	256	256	256	256	452	1108
8	0xd5d30	0x1100	12	9	5	5	13	0	0	8192	32	256	256	256	256	476	1196
9	0xd63c8	0x1100	12	10	5	5	16	0	256	8192	32	256	256	256	256	488	1460
10	0xd6b74	0x1100	12	6	3	3	13	0	0	8192	32	256	256	256	256	400	1196
11	0xd71c0	0x1100	12	7	6	6	39	0	256	8192	32	256	256	256	256	472	3484
12	0xd8144	0x1100	12	6	5	5	17	0	0	8192	32	256	256	256	256	440	1548
13	0xd8918	0x1100	12	7	7	7	28	0	256	8192	32	256	256	256	256	492	2516
14	0xd94e8	0x1100	12	13	11	11	86	0	0	8192	32	256	256	256	256	644	7620
15	0xdb540	0x1100	12	15	11	11	101	0	256	8192	32	256	256	256	256	668	8940
16	0xddad8	0x1100	12	10	20	18	91	0	0	8192	32	256	256	256	256	772	8060
17	0xdfd68	0x1100	12	19	13	13	97	0	256	8192	32	256	256	256	256	756	8588
18	0xe21f8	0x1100	12	13	21	21	99	0	0	8192	32	256	256	256	256	844	8764
19	0xe4790	0x1100	12	13	24	22	107	0	256	8192	32	256	256	256	256	888	9468
20	0xe7014	0x1100	12	9	12	10	58	0	0	8192	32	256	256	256	256	600	5156
21	0xe86a0	0x1100	12	19	32	29	133	0	256	8192	32	256	256	256	256	1112	11756
22	0xeb8f4	0x1100	12	14	16	16	97	256	512	8192	32	256	256	256	256	756	8588
23	0xedd84	0x1100	12	17	26	26	161	256	512	8192	32	256	256	256	256	992	14220
24	0xf1900	0x1100	12	24	32	32	160	256	512	8192	32	256	256	256	256	1196	14132
25	0xf54f0	0x1100	12	39	28	28	191	256	512	8192	32	256	256	256	256	1296	16860
26	0xf9bec	0x1100	12	18	19	19	80	512	768	8192	32	256	256	256	256	864	7092
27	0xfbb10	0x1100	12	18	19	19	80	512	768	8192	32	256	256	256	256	864	7092
28	0xfda34	0x1100	12	29	24	24	90	512	1024	8192	32	256	256	256	256	1096	7972
29	0xffdb0	0x1100	12	29	24	24	90	512	1024	8192	32	256	256	256	256	1096	7972
30	0x10212c	0x1100	12	34	22	22	136	512	768	8192	32	256	256	256	256	1116	12020
31	0x10548c	0x1100	12	34	22	22	136	512	768	8192	32	256	256	256	256	1116	12020
32	0x1087ec	0x1100	12	17	16	16	86	512	1024	8192	32	256	256	256	256	792	7620
33	0x10a8d8	0x1100	12	17	16	16	86	512	1024	8192	32	256	256	256	256	792	7620
34	0x10c9c4	0x1100	12	22	20	20	98	512	768	8192	32	256	256	256	256	932	8676
35	0x10ef5c	0x1100	12	22	20	20	98	512	768	8192	32	256	256	256	256	932	8676
36	0x1114f4	0x1100	12	17	15	15	92	512	1024	8192	32	256	256	256	256	772	8148
37	0x1137dc	0x1100	12	17	15	15	92	512	1024	8192	32	256	256	256	256	772	8148
38	0x115ac4	0x1100	12	17	38	38	103	512	768	8192	32	256	256	256	256	1232	9116
39	0x118340	0x1100	12	17	38	38	103	512	768	8192	32	256	256	256	256	1232	9116
40	0x11abbc	0x1100	12	22	41	41	107	512	1024	8192	32	256	256	256	256	1352	9468
41	0x11d610	0x1100	12	22	41	41	107	512	1024	8192	32	256	256	256	256	1352	9468
42	0x120064	0x1100	12	21	27	26	118	768	1280	8192	32	256	256	256	256	1052	10436
43	0x122d54	0x1100	12	21	27	26	118	768	1280	8192	32	256	256	256	256	1052	10436
44	0x125a44	0x1100	12	21	29	29	143	768	1536	8192	32	256	256	256	256	1100	12636
45	0x128ffc	0x1100	12	21	29	29	143	768	1536	8192	32	256	256	256	256	1100	12636
46	0x12c5b4	0x1100	12	18	35	35	141	768	1536	8192	32	256	256	256	256	1184	12460
47	0x12fb10	0x1100	12	18	35	35	141	768	1536	8192	32	256	256	256	256	1184	12460
48	0x13306c	0x1100	12	19	39	39	142	768	1536	8192	32	256	256	256	256	1276	12548
49	0x13667c	0x1100	12	19	39	39	142	768	1536	8192	32	256	256	256	256	1276	12548
50	0x139c8c	0x1100	12	22	33	31	169	768	1280	8192	32	256	256	256	256	1176	14924
51	0x13db80	0x1100	12	22	33	31	169	768	1280	8192	32	256	256	256	256	1176	14924
52	0x141a74	0x1100	12	20	42	42	147	768	1536	8192	32	256	256	256	256	1348	12988
53	0x145284	0x1100	12	20	42	42	147	768	1536	8192	32	256	256	256	256	1348	12988
54	0x148a94	0x1100	12	30	48	48	195	768	1280	8192	32	256	256	256	256	1588	17212
55	0x14d414	0x1100	12	30	48	48	199	768	1280	8192	32	256	256	256	256	1588	17564
56	0x151ef4	0x1100	12	38	52	48	225	768	1536	8192	32	256	256	256	256	1732	19852
57	0x157354	0x1100	12	38	52	48	225	768	1536	8192	32	256	256	256	256	1732	19852
58	0x15c7b4	0x1100	12	16	15	15	84	1024	1792	8192	32	256	256	256	256	760	7444
59	0x15e7d0	0x1100	12	15	23	23	107	1024	1792	8192	32	256	256	256	256	908	9468
60	0x161068	0x1100	12	28	29	29	175	1024	1792	8192	32	256	256	256	256	1184	15452
61	0x165174	0x1100	12	25	28	28	145	1024	1792	8192	32	256	256	256	256	1128	12812
62	0x1687f8	0x1100	12	17	32	29	133	0	256	8192	32	256	256	256	256	1088	11756
